beaglebone, 3500 and 10000, flann:
	16316, 619, 577, 570, 567, 537, 547, 551, 546, 557, 537, 1270, 726, 666, 673, 617, 604, 580, 562, 601, 603, 611, 720, 744, 783, 1643, 674, 603, 4402, 598, 605, 658, 647, 675, 1234, 677, 601, 618, 601, 631, 590, 1398, 629, 619, 599, 571, 573, 591, 1216, 595, 561, 597, 572, 607,

Ryzen 5900X, 3500 and 10000, flann:
	188, 49, 47, 47, 47, 49, 48, 50, 50, 50, 48, 48, 61, 50, 48, 48, 48, 46, 45, 48, 59, 47, 48, 49, 59, 48, 54, 53, 133, 55, 57, 55, 56, 46, 46, 57, 47, 49, 56, 49, 56, 48, 58, 49, 56, 47, 46, 58, 46, 47, 57, 45, 47, 48, 

Ryzen 5900X, 3500 and 10000, bf:
	215, 60, 57, 58, 56, 58, 58, 58, 56, 57, 56, 58, 57, 58, 58, 56, 59, 75, 53, 57, 57, 57, 57, 57, 57, 56, 73, 50, 150, 55, 77, 55, 75, 54, 54, 57, 74, 57, 55, 75, 53, 56, 75, 56, 55, 57, 55, 57, 72, 53, 55, 54, 57, 55,

Ryzen 5900X, 10000 and 10000, bf:
	422, 186, 180, 178, 179, 186, 177, 177, 177, 176, 176, 178, 176, 178, 177, 177, 190, 189, 184, 188, 188, 188, 189, 187, 188, 328, 185, 193, 322, 179, 175, 172, 300, 174, 179, 173, 174, 313, 181, 175, 171, 173, 174, 303, 173, 174, 173, 174, 170, 172, 171, 170, 173, 304, 

Ryzen 5900X, 10000 and 10000, flann:
	292, 96, 91, 90, 92, 94, 89, 90, 92, 92, 89, 91, 92, 91, 92, 87, 91, 88, 142, 96, 94, 90, 93, 92, 91, 95, 87, 85, 190, 88, 92, 146, 96, 94, 91, 92, 92, 91, 90, 93, 89, 93, 90, 159, 95, 97, 92, 93, 90, 88, 91, 94, 94, 94,

beaglebone, 10000 and 10000, flann:
	3736, 1019, 975, 966, 959, 1005, 969, 978, 1006, 1009, 1359, 1053, 1031, 1051, 1009, 997, 1001, 953, 941, 998, 1036, 1349, 1024, 1030, 1039, 1026, 940, 875, 3170, 971, 1013, 950, 959, 949, 949, 957, 1332, 1042, 973, 1018, 932, 985, 1009, 1364, 973, 1008, 972, 988, 917, 951, 1271, 947, 998, 1006,

beaglebone, 10000 and 10000, bf:
	3708, 2919, 2869, 2862, 2854, 2896, 2866, 2875, 2905, 2899, 2880, 2893, 2900, 2898, 2892, 5164, 2920, 2856, 2834, 2871, 2909, 2893, 2927, 2926, 2918, 2939, 2839, 5042, 4739, 2913, 2946, 2844, 2843, 2828, 2847, 2828, 2886, 5168, 2893, 2929, 2841, 2884, 2904, 2899, 2844, 2894, 5139, 2944, 2822, 2831, 2828, 2818, 2907, 2905,

beaglebone, 1500 and 7500, flann (-350-400):
	2948, 811, 776, 768, 757, 942, 790, 794, 811, 808, 797, 812, 807, 951, 813, 791, 796, 745, 744, 923, 812, 771, 802, 817, 833, 832, 892, 673, 2601, 885, 815, 741, 749, 740, 888, 749, 800, 821, 915, 822, 744, 788, 821, 972, 754, 809, 772, 943, 715, 739, 737, 861, 802, 800,
